Epoch_F2/Epoch_F2_sed.ecsv
# %ECSV 1.0
# ---
# datatype:
# - {name: e_ref, unit: eV, datatype: float64, format: '{:12.3f}'}
# - {name: e2dnde, unit: erg / (s cm2), datatype: float64, format: '{:11.3e}'}
# - {name: e2dnde_errp, unit: erg / (s cm2), datatype: float64, format: '{:11.3e}'}
# - {name: e2dnde_errn, unit: erg / (s cm2), datatype: float64, format: '{:11.3e}'}
# - {name: instrument, datatype: string}
# meta: !!omap
# - {SED_TYPE: e2dnde}
# - {source: OQ 334}
# - {redshift: 0.6816}
# schema: astropy-2.0
e_ref e2dnde e2dnde_errp e2dnde_errn instrument
1.583653064672375 2.630288528836787e-11 6.352474056430643e-14 6.352474056430643e-14 ZTF
1.9475997240527845 2.422508036163099e-11 4.4714503255888e-14 4.4714503255888e-14 ZTF
2.295153617793414 2.959530104108223e-11 3.5101264453930165e-13 3.5101264453930165e-13 UVOT
2.6123935615929255 2.4809047001699002e-11 4.8661773997569766e-14 4.8661773997569766e-14 ZTF
2.6543395083108594 3.4743418177981147e-11 2.1614421470987438e-13 2.1614421470987438e-13 ASAS-SN
2.864037847844773 2.5331619811148895e-11 2.7517953431362296e-13 2.7517953431362296e-13 UVOT
3.541393842707805 2.456201340615395e-11 2.8411917865418974e-13 2.8411917865418974e-13 UVOT
4.707069036947618 2.8154719536684903e-11 3.526849545240631e-13 3.526849545240631e-13 UVOT
5.55733744658002 2.1603398871997224e-11 2.8045190909325223e-13 2.8045190909325223e-13 UVOT
6.107595981931047 1.9041335366445287e-11 2.456047469214854e-13 2.456047469214854e-13 UVOT
409.99588587824957 9.573325528325303e-13 9.093171709217097e-14 9.093171709217097e-14 XRT
464.99534161609404 1.1473781375164928e-12 1.1015438850555297e-13 1.1015438850555297e-13 XRT
524.9947424570108 1.00946423267479e-12 9.529282927294329e-14 9.529282927294329e-14 XRT
599.9939786071452 9.79884029123505e-13 9.626186148331989e-14 9.626186148331989e-14 XRT
679.9931896623756 9.675116198322868e-13 9.592550769545665e-14 9.592550769545665e-14 XRT
754.9924556145334 1.1950292252143252e-12 1.1276274554636833e-13 1.1276274554636833e-13 XRT
824.9917466615955 1.1467502786003752e-12 1.1054856510172655e-13 1.1054856510172655e-13 XRT
899.9909828117296 9.827573231869429e-13 9.6324098403179e-14 9.6324098403179e-14 XRT
974.9902189618637 1.1729370144180833e-12 1.1360208545565754e-13 1.1360208545565754e-13 XRT
1049.9894849140217 1.0393571288930194e-12 1.0207543408857617e-13 1.0207543408857617e-13 XRT
1134.988611270301 1.0099064043640565e-12 9.779534993222767e-14 9.779534993222767e-14 XRT
1229.9876278327254 1.0218461812221085e-12 9.763736012513589e-14 9.763736012513589e-14 XRT
1329.9866491022692 1.0916350637307888e-12 1.0671501565717138e-13 1.0671501565717138e-13 XRT
1434.9856154748854 1.0945439465841501e-12 1.0908508573013299e-13 1.0908508573013299e-13 XRT
1549.9844720536466 1.3062542694003304e-12 1.2515415627844756e-13 1.2515415627844756e-13 XRT
1679.9831639416254 1.2949767186334773e-12 1.2906073512307233e-13 1.2906073512307233e-13 XRT
1829.9816362418942 1.491838333582418e-12 1.4851852645980436e-13 1.4851852645980436e-13 XRT
2009.9797791605974 1.4078559149347105e-12 1.4477188301843374e-13 1.4477188301843374e-13 XRT
2209.977762095638 1.5135697222853142e-12 1.7276498731675025e-13 1.7276498731675025e-13 XRT
2409.9758046347256 1.7319174985981465e-12 2.1805846472163237e-13 2.1805846472163237e-13 XRT
2614.973792276886 1.3857888066536092e-12 1.9977189549059132e-13 1.9977189549059132e-13 XRT
2824.971725022119 1.9329926068911368e-12 2.5140032581118105e-13 2.5140032581118105e-13 XRT
3034.9696577673517 2.3104976458697117e-12 2.8551807300579026e-13 2.8551807300579026e-13 XRT
3264.967370924874 1.5399693595312405e-12 2.269396955559104e-13 2.269396955559104e-13 XRT
3499.9649099773746 1.8802146662480927e-12 2.8224966212139416e-13 2.8224966212139416e-13 XRT
3734.9624490298747 1.5131621428005516e-12 2.5240562511323265e-13 2.5240562511323265e-13 XRT
3994.9599520139272 1.527767480474691e-12 2.6182173973609783e-13 2.6182173973609783e-13 XRT
4254.957454997978 1.8099211258498225e-12 3.204313735983253e-13 3.204313735983253e-13 XRT
4539.954445081204 1.7988447059412564e-12 3.089368540716943e-13 3.089368540716943e-13 XRT
4864.951234405199 2.1696029979860584e-12 3.7102489606054377e-13 3.7102489606054377e-13 XRT
5164.948417421924 2.713620880973213e-12 5.09079530095823e-13 5.09079530095823e-13 XRT
5559.9444381889325 1.6334754304362944e-12 3.2921091467699154e-13 3.2921091467699154e-13 XRT
6074.939141429681 2.6381081569944108e-12 5.062133159957298e-13 5.062133159957298e-13 XRT
6734.932371867624 2.3014910906025666e-12 4.823735020740663e-13 4.823735020740663e-13 XRT
7869.921221554114 2.7392796718198345e-12 6.665086572607002e-13 6.665086572607002e-13 XRT
153558902.6722934 1.1935349736413533e-10 7.343974561150698e-12 7.204047304051749e-12 LAT
362097061.13912624 1.6890277742985126e-10 6.991796020650954e-12 6.726388507032005e-12 LAT
853837057.9881028 1.8055426519328374e-10 8.22761127750214e-12 7.906133627979485e-12 LAT
2013353342.3101532 1.8663198251649431e-10 1.135579004251129e-11 1.0722362716338484e-11 LAT
4747500290.679529 1.8705013576744178e-10 1.7290276579876144e-11 1.5929936566694735e-11 LAT
11194765481.496077 1.6228799889563132e-10 2.4710164091521705e-11 2.1898393098735137e-11 LAT
26397633809.888268 1.0279447386377572e-10 3.0810105346596965e-11 2.619936885997492e-11 LAT
62246509041.45866 1.5307150429205408e-11 2.341466506827672e-11 1.3644037659285298e-11 LAT
74989420933.24556 3.32461430728841e-11 4.339507237466329e-12 4.3197252178222225e-12 MAGIC
133352143216.33241 1.3846367766747182e-11 2.0883158283697898e-12 2.070619561631042e-12 MAGIC
146779363474.50232 4.440142165937751e-11 5.5403310170188115e-11 3.3009012225931003e-11 LAT
237137370566.1656 6.636279064856995e-12 3.0104249943296693e-12 2.9580108385961297e-12 MAGIC
